C8sdpC2 = [0 1 2 3 4 5 6 7 8 9 10 11 12 13 14 15;
1 3 5 6 7 8 4 10 11 12 13 9 14 0 15 2;
2 12 0 8 9 7 15 5 3 4 14 13 1 11 10 6;
3 6 8 4 10 11 7 13 9 14 0 12 15 1 2 5;
4 7 9 10 0 12 13 1 14 2 3 15 5 6 8 11;
5 14 1 11 12 10 2 8 6 7 15 0 3 9 13 4;
6 4 11 7 13 9 10 0 12 15 1 14 2 3 5 8;
7 10 12 13 1 14 0 3 15 5 6 2 8 4 11 9;
8 15 3 9 14 13 5 11 4 10 2 1 6 12 0 7;
9 5 4 14 2 1 11 12 10 0 8 6 7 15 3 13;
10 13 14 0 3 15 1 6 2 8 4 5 11 7 9 12;
11 2 6 12 15 0 8 9 7 13 5 3 4 14 1 10;
12 8 7 15 5 3 9 14 13 1 11 4 10 2 6 0;
13 0 15 1 6 2 3 4 5 11 7 8 9 10 12 14;
14 11 10 2 8 6 12 15 0 3 9 7 13 5 4 1;
15 9 13 5 11 4 14 2 1 6 12 10 0 8 7 3];
